5월 shape (80, 25)
str 8 1 변동지출 달력
str 29 1 수입
str 31 1 고정수입
str 32 1 날짜
str 32 2 대분류
str 32 3 소분류
str 32 4 내용
str 32 7 금액
num 0 0 2026.0 2026
num 10 11 350000 350000
num 10 12 350000 350000
num 11 11 2110000 2110000
num 11 12 2110000 2110000
num 12 11 100000 100000
num 12 12 100000 100000
num 15 11 47810 47810
num 15 12 47810 47810
num 16 11 261808 261808
num 16 12 261808 261808
num 17 11 75000 75000
num 17 12 75000 75000
num 18 11 124390 124390
num 18 12 124390 124390
num 19 11 200000 200000
num 19 12 200000 200000
num 20 11 800000 800000
num 20 12 800000 800000
num 54 11 4069008 4069008
num 78 18 4069008 4069008
